start=278.400000
volume=70.000000
