start=196.673016
pause=yes
volume=78.000000
