volume=68.000000
panscan=0.100000
sid=2
