start=215.690159
pause=yes
volume=70.000000
