start=2.958333
pause=yes
volume=84.000000
sub-pos=98
