start=103.128309
speed=1.210000
pause=yes
volume=68.000000
sid=no
