start=353.700000
volume=84.000000
sid=no
