start=104.141497
pause=yes
volume=80.000000
