start=999.331667
speed=0.909091
volume=74.000000
panscan=0.100000
