start=574.733333
volume=66.000000
fullscreen=yes
sub-pos=98
