start=537.300000
volume=84.000000
gamma=-1
