start=85.902484
volume=90.000000
deinterlace=yes
sid=no
sub-pos=99
