start=344.100000
volume=90.000000
fullscreen=yes
