start=432.166667
volume=94.000000
fullscreen=yes
sub-pos=97
