start=38.288250
volume=78.000000
panscan=0.200000
sid=no
sub-pos=99
sub-ass-override=force
