start=98.031267
volume=72.000000
