start=201.800000
volume=78.000000
fullscreen=yes
