start=531.720000
pause=yes
volume=90.000000
