start=786.840000
volume=88.000000
fullscreen=yes
