start=19.120000
volume=80.000000
panscan=0.100000
sid=no
sub-pos=105
