start=422.200000
volume=68.000000
fullscreen=yes
