start=65.774042
volume=78.000000
panscan=0.100000
sid=no
