start=54.400000
pause=yes
volume=80.000000
