start=298.500000
volume=86.000000
fullscreen=yes
