start=53.178125
pause=yes
volume=86.000000
