start=115.600000
pause=yes
volume=70.000000
