start=429.195433
panscan=0.100000
