start=4609.720000
speed=1.610510
aid=1
sid=no
