start=309.767792
panscan=0.100000
