volume=74.000000
panscan=0.100000
sid=no
sub-delay=0.100000
sub-pos=101
sub-scale=0.900000
