start=341.541542
volume=94.000000
