start=1429.177750
volume=92.000000
fullscreen=yes
