start=223.333333
pause=yes
volume=80.000000
sid=no
sub-scale=0.900000
