start=69.291667
volume=78.000000
sid=no
sub-pos=101
sub-ass-override=force
