start=609.275943
speed=1.000000
volume=70.000000
sid=no
