start=48.548500
volume=54.000000
sub-pos=98
