start=1551.166667
volume=94.000000
