start=302.635667
volume=80.000000
sub-pos=99
