start=7.133333
volume=82.000000
panscan=0.200000
