start=13.366667
pause=yes
volume=74.000000
panscan=0.100000
sid=no
sub-pos=105
