start=9.009000
volume=78.000000
