start=189.889700
volume=64.000000
