start=145.011533
volume=94.000000
