start=247.750000
pause=yes
volume=98.000000
