start=385.518467
volume=90.000000
gamma=-1
