start=1078.680000
volume=58.000000
