start=311.877881
volume=76.000000
