start=155.800000
pause=yes
volume=74.000000
