start=341.170794
pause=yes
volume=84.000000
