start=5.733333
pause=yes
volume=68.000000
panscan=0.100000
sid=no
sub-pos=102
