start=430.760000
volume=80.000000
fullscreen=yes
