start=481.166667
volume=90.000000
gamma=-1
