start=140.840000
volume=90.000000
