start=1187.375000
volume=70.000000
fullscreen=yes
