start=16.120000
volume=80.000000
