start=226.719637
pause=yes
volume=50.000000
