start=119.166667
speed=1.210000
volume=68.000000
sid=no
