start=882.665116
volume=82.000000
deinterlace=yes
