start=502.440000
volume=90.000000
sid=no
