start=386.803083
volume=76.000000
fullscreen=yes
sub-pos=99
