start=297.006440
pause=yes
volume=90.000000
