start=297.500000
pause=yes
volume=72.000000
