start=3681.129070
pause=yes
volume=70.000000
