start=177.766667
pause=yes
volume=82.000000
