start=100.681723
pause=yes
volume=82.000000
brightness=5
sub-scale=0.900000
