start=733.833333
volume=54.000000
