start=1036.800000
pause=yes
volume=42.000000
