start=1094.147483
pause=yes
volume=94.000000
sub-pos=97
