start=4.791667
volume=92.000000
panscan=0.300000
sid=no
sub-pos=99
sub-ass-override=force
