start=180.847333
pause=yes
volume=76.000000
