start=473.300000
volume=90.000000
fullscreen=yes
gamma=-1
