start=302.400000
volume=70.000000
fullscreen=yes
sub-pos=99
