start=78.611867
volume=92.000000
