start=371.000000
volume=96.000000
fullscreen=yes
sub-pos=98
