start=131.842902
pause=yes
volume=80.000000
