start=166.579955
pause=yes
volume=86.000000
