start=8.240000
volume=78.000000
sid=no
sub-delay=0.100000
