start=213.120000
pause=yes
volume=78.000000
