start=229.854625
pause=yes
volume=70.000000
