start=18.393375
volume=80.000000
sid=no
