start=60.760000
volume=66.000000
sid=no
