start=11.520000
volume=66.000000
sid=no
