start=1101.567133
speed=1.464100
volume=82.000000
sid=no
