start=132.720000
volume=74.000000
sid=no
sub-delay=0.100000
sub-scale=0.900000
