start=188.333333
volume=74.000000
fullscreen=yes
