start=968.333333
volume=98.000000
sub-pos=99
