start=1507.700000
volume=58.000000
