start=178.720208
pause=yes
volume=86.000000
