start=324.200000
volume=76.000000
