start=219.240000
volume=70.000000
sid=no
