start=683.880000
volume=70.000000
gamma=-3
