start=320.566667
volume=72.000000
