start=833.533333
volume=70.000000
sub-pos=99
