start=335.200000
panscan=0.100000
