start=22.560000
pause=yes
volume=78.000000
