start=427.200726
pause=yes
volume=76.000000
