start=892.033333
pause=yes
volume=76.000000
