start=1150.033333
volume=92.000000
