start=67.817750
volume=82.000000
sid=no
