start=805.638167
volume=78.000000
sub-pos=99
