start=76.609943
volume=90.000000
gamma=-1
