start=1406.066667
volume=86.000000
fullscreen=yes
