start=1625.223600
volume=98.000000
