start=2281.166667
volume=90.000000
