start=1504.978141
speed=1.000000
pause=yes
volume=90.000000
contrast=22
