start=228.428200
pause=yes
volume=80.000000
