start=38.133333
pause=yes
volume=94.000000
sub-scale=0.900000
