volume=94.000000
sub-delay=-0.100000
