start=122.533333
speed=0.909091
volume=98.000000
panscan=0.100000
