start=726.333333
volume=82.000000
