start=449.300000
volume=70.000000
