start=370.600000
volume=92.000000
