start=125.968254
pause=yes
volume=62.000000
contrast=-5
saturation=1
panscan=0.100000
sid=no
sub-pos=105
