start=153.760000
volume=106.000000
sid=no
sub-delay=0.100000
sub-pos=109
