start=637.945034
pause=yes
volume=90.000000
