start=112.862750
volume=70.000000
