start=403.966667
pause=yes
volume=76.000000
