start=100.751383
pause=yes
volume=96.000000
