start=550.633417
volume=70.000000
