start=5.560000
volume=76.000000
