start=157.199093
pause=yes
volume=64.000000
panscan=0.100000
