start=146.625000
volume=78.000000
