start=184.267417
pause=yes
volume=90.000000
