start=210.810600
speed=0.909091
volume=74.000000
panscan=0.100000
