start=133.900433
volume=78.000000
