start=157.700000
pause=yes
volume=74.000000
