start=314.100000
pause=yes
volume=80.000000
audio-delay=-0.100000
panscan=0.400000
sid=no
sub-delay=0.100000
sub-pos=101
sub-ass-override=force
