start=185.185000
volume=94.000000
fullscreen=yes
