start=3017.666667
pause=yes
volume=56.000000
