start=15.215200
volume=98.000000
