start=34.480000
volume=78.000000
sid=no
sub-delay=0.100000
