start=0.800000
pause=yes
volume=88.000000
sub-pos=89
