start=27.033333
volume=88.000000
sub-pos=89
