start=74.000000
volume=80.000000
sub-pos=98
