start=172.416667
volume=90.000000
