start=74.474400
volume=98.000000
fullscreen=yes
