start=206.339467
pause=yes
volume=90.000000
