start=431.533333
pause=yes
volume=90.000000
