start=65.398667
volume=82.000000
