start=2225.825826
volume=92.000000
