start=508.354467
pause=yes
volume=90.000000
