start=140.066667
volume=68.000000
fullscreen=yes
