start=641.822766
pause=yes
volume=88.000000
