start=220.750000
volume=82.000000
deinterlace=yes
