start=30.166667
pause=yes
volume=96.000000
sub-pos=101
