start=176.216236
pause=yes
volume=70.000000
