start=372.355193
pause=yes
volume=70.000000
