start=6.000000
speed=0.909091
volume=62.000000
sub-delay=0.100000
