start=300.884172
pause=yes
volume=90.000000
