start=90.929342
pause=yes
volume=72.000000
saturation=1
panscan=0.100000
sid=no
