start=379.971338
pause=yes
volume=60.000000
