start=1350.426122
pause=yes
volume=90.000000
