start=361.227533
pause=yes
volume=60.000000
