start=858.600000
volume=120.000000
fullscreen=yes
gamma=-1
