start=1547.145578
pause=yes
volume=80.000000
panscan=0.100000
