start=139.320000
speed=1.000000
volume=78.000000
fullscreen=yes
