start=135.240000
volume=70.000000
saturation=1
panscan=0.100000
sid=no
