start=231.981750
volume=80.000000
