start=584.266667
pause=yes
volume=90.000000
