start=198.600000
volume=56.000000
fullscreen=yes
sub-pos=98
