start=209.033333
volume=82.000000
brightness=5
