start=0.000000
pause=yes
volume=66.000000
