start=912.400000
volume=68.000000
