start=834.333333
volume=76.000000
