start=204.120583
volume=82.000000
sid=no
