start=200.283417
volume=66.000000
