start=159.759760
volume=86.000000
