start=223.631383
pause=yes
volume=66.000000
