start=411.533333
volume=70.000000
fullscreen=yes
sub-pos=99
