start=407.640567
pause=yes
volume=70.000000
sub-pos=99
