start=2022.820800
speed=1.000000
pause=yes
volume=82.000000
