start=164.831333
pause=yes
sub-scale=0.800000
