start=113.545578
pause=yes
volume=74.000000
fullscreen=yes
sub-pos=101
