start=418.000000
volume=84.000000
deinterlace=yes
