start=394.694300
pause=yes
volume=88.000000
