start=189.583333
volume=92.000000
