start=950.316984
volume=98.000000
