start=213.809342
pause=yes
volume=92.000000
sub-pos=99
