start=87.923481
pause=yes
volume=90.000000
