start=125.085896
pause=yes
volume=68.000000
