start=180.500000
volume=88.000000
