start=147.446712
pause=yes
volume=90.000000
panscan=0.100000
sid=no
