start=2881.000000
volume=70.000000
sub-pos=99
