start=204.800000
pause=yes
volume=90.000000
