start=768.801367
speed=0.909091
pause=yes
volume=74.000000
panscan=0.100000
