start=268.268000
volume=76.000000
fullscreen=yes
