start=46.958333
volume=80.000000
sub-pos=99
