start=211.680000
pause=yes
volume=94.000000
sub-scale=0.900000
