start=249.600000
pause=yes
volume=94.000000
