start=106.206100
pause=yes
volume=82.000000
contrast=-5
saturation=1
panscan=0.100000
sid=no
sub-pos=105
