start=1261.560000
volume=70.000000
