start=1948.600000
volume=94.000000
fullscreen=yes
sub-scale=0.900000
