start=249.219773
pause=yes
volume=96.000000
