start=146.366667
pause=yes
volume=96.000000
sub-scale=0.900000
