start=173.244082
pause=yes
volume=90.000000
