start=4359.685805
pause=yes
volume=82.000000
