start=704.633333
pause=yes
volume=76.000000
