start=204.219501
pause=yes
volume=70.000000
panscan=0.100000
