start=54.666667
volume=78.000000
