start=21.640000
pause=yes
volume=80.000000
