start=77.560000
volume=92.000000
sub-pos=99
