start=300.266667
volume=80.000000
sid=no
sub-pos=99
