start=471.733333
volume=96.000000
sub-scale=0.900000
