start=17.791667
volume=80.000000
