start=49.880000
pause=yes
volume=80.000000
