start=550.040000
pause=yes
volume=96.000000
brightness=1
