start=414.747667
volume=80.000000
sub-pos=101
