start=159.993167
volume=86.000000
fullscreen=yes
sub-pos=98
