start=116.416300
volume=78.000000
