start=387.564263
pause=yes
volume=80.000000
