start=185.602083
pause=yes
volume=88.000000
