start=345.428417
volume=90.000000
sub-pos=99
