start=84.280000
pause=yes
volume=68.000000
