start=429.029029
volume=90.000000
fullscreen=yes
