start=169.766667
volume=60.000000
