start=17.717700
panscan=0.100000
sid=no
sub-pos=101
