start=712.166667
volume=66.000000
sub-pos=99
