start=509.960000
volume=96.000000
fullscreen=yes
