volume=86.000000
sub-delay=0.900000
