start=931.880000
pause=yes
volume=80.000000
brightness=1
