start=116.033333
volume=84.000000
gamma=-1
