start=251.054150
pause=yes
volume=86.000000
