start=1457.956500
volume=80.000000
