start=638.300000
volume=98.000000
