start=1253.153153
volume=92.000000
fullscreen=yes
