start=131.731600
pause=yes
volume=66.000000
