start=376.342633
volume=88.000000
sid=no
