start=0.320000
pause=yes
volume=82.000000
