start=753.000000
volume=90.000000
sub-pos=99
