start=699.407042
speed=1.000000
volume=70.000000
sid=no
