start=515.266667
volume=70.000000
