start=1002.034367
volume=82.000000
fullscreen=yes
brightness=5
