start=117.720000
volume=90.000000
