start=908.807900
volume=94.000000
