start=96.480000
volume=80.000000
deinterlace=yes
