start=298.600000
volume=96.000000
