start=675.266667
panscan=0.200000
sub-pos=103
