start=326.366667
pause=yes
volume=96.000000
