start=443.143143
volume=74.000000
fullscreen=yes
