start=815.322268
pause=yes
volume=82.000000
brightness=5
