start=1960.792167
pause=yes
volume=90.000000
