start=72.272200
pause=yes
volume=98.000000
