start=434.909751
pause=yes
volume=86.000000
