start=56.856800
pause=yes
volume=80.000000
