start=218.964172
pause=yes
volume=80.000000
