start=0.440000
pause=yes
volume=70.000000
sub-pos=99
