start=41.960000
pause=yes
volume=78.000000
panscan=0.400000
sid=no
sub-delay=0.100000
sub-pos=101
