start=334.200533
volume=82.000000
brightness=5
