start=197.648254
pause=yes
volume=90.000000
