start=87.875000
pause=yes
volume=86.000000
sub-pos=99
