start=257.458333
pause=yes
volume=86.000000
sub-scale=0.900000
