start=48.080000
volume=60.000000
