start=222.238186
pause=yes
volume=78.000000
