start=360.933333
volume=90.000000
fullscreen=yes
