start=302.385417
volume=70.000000
fullscreen=yes
