start=338.666667
volume=58.000000
