start=957.757758
volume=82.000000
deinterlace=yes
