start=533.440000
volume=90.000000
