start=151.812063
pause=yes
volume=84.000000
