start=268.283356
pause=yes
volume=90.000000
