start=158.569070
pause=yes
volume=82.000000
fullscreen=yes
panscan=0.100000
