start=31.416599
pause=yes
volume=80.000000
