start=210.558549
pause=yes
volume=84.000000
