start=121.162708
pause=yes
volume=90.000000
