start=1493.880000
speed=2.143589
aid=1
sid=no
