start=130.000000
pause=yes
volume=70.000000
