start=133.033333
volume=84.000000
