start=11.840000
volume=76.000000
