start=489.041667
pause=yes
volume=76.000000
