start=928.594333
pause=yes
volume=90.000000
gamma=-1
