start=25.240091
pause=yes
volume=86.000000
panscan=0.100000
sid=no
