start=852.166667
volume=86.000000
fullscreen=yes
sub-scale=0.900000
