start=407.039967
volume=98.000000
