start=203.760000
pause=yes
volume=78.000000
