start=385.551833
volume=80.000000
