start=4.466667
pause=yes
volume=76.000000
