start=1527.680000
volume=80.000000
