start=0.000000
pause=yes
volume=60.000000
panscan=0.100000
sid=no
