start=277.519949
volume=76.000000
sid=no
