start=835.453968
pause=yes
volume=88.000000
sub-pos=99
