start=530.633333
volume=94.000000
