start=502.068735
pause=yes
volume=94.000000
