start=265.365365
speed=1.000000
volume=80.000000
sid=no
