start=1110.766667
volume=90.000000
