start=268.766667
pause=yes
volume=90.000000
