start=61.928533
pause=yes
volume=50.000000
panscan=0.100000
