start=78.080000
volume=94.000000
sub-pos=97
