start=85.913832
pause=yes
volume=64.000000
