start=511.552708
volume=54.000000
fullscreen=yes
sub-pos=98
