start=158.666667
volume=98.000000
