start=276.192583
pause=yes
volume=72.000000
sub-pos=101
