start=183.883700
volume=90.000000
gamma=-1
