start=697.530864
volume=96.000000
