start=146.400000
volume=86.000000
