start=271.360000
pause=yes
volume=88.000000
fullscreen=yes
sub-pos=101
