start=185.520000
volume=90.000000
sub-pos=99
