start=212.333333
speed=1.000000
volume=80.000000
sub-scale=0.800000
