start=174.312200
pause=yes
volume=92.000000
panscan=0.100000
