start=236.277708
volume=82.000000
