start=72.260499
pause=yes
volume=82.000000
panscan=0.200000
