start=1475.791667
volume=80.000000
sid=no
sub-scale=0.900000
