start=760.400000
volume=94.000000
fullscreen=yes
sub-pos=98
