start=4.080000
pause=yes
volume=82.000000
