start=277.527250
volume=80.000000
sub-pos=99
