start=204.939320
pause=yes
sub-scale=0.800000
