start=183.920000
pause=yes
volume=86.000000
