start=419.880000
pause=yes
volume=76.000000
