start=121.833333
volume=86.000000
sub-scale=0.900000
