start=3.040000
volume=88.000000
sid=no
sub-pos=101
