start=120.116825
pause=yes
volume=64.000000
sub-pos=98
