start=1032.766667
volume=86.000000
fullscreen=yes
