start=26.926927
pause=yes
volume=90.000000
