start=153.000000
pause=yes
volume=58.000000
