start=82.031950
volume=90.000000
deinterlace=yes
