start=218.680000
volume=70.000000
sub-pos=98
