start=74.640000
volume=74.000000
