start=74.699625
volume=78.000000
