start=234.434200
pause=yes
volume=66.000000
