start=198.507392
pause=yes
volume=90.000000
