start=413.866667
volume=94.000000
fullscreen=yes
sub-scale=0.900000
