start=31.640000
pause=yes
volume=90.000000
