start=308.266667
volume=88.000000
fullscreen=yes
sub-delay=-0.100000
