start=394.094094
pause=yes
volume=90.000000
