start=17.400000
pause=yes
volume=90.000000
