start=226.016666
volume=94.000000
deinterlace=yes
