start=169.400000
speed=1.000000
pause=yes
volume=62.000000
