start=677.410067
volume=90.000000
