start=191.316125
volume=82.000000
