start=49.291667
volume=86.000000
