start=62.577778
pause=yes
volume=80.000000
saturation=1
panscan=0.100000
sid=no
