start=289.320635
pause=yes
volume=80.000000
