start=706.480000
volume=98.000000
