start=153.019686
volume=80.000000
