start=234.196463
pause=yes
volume=80.000000
