start=163.708333
volume=90.000000
sub-pos=99
