start=0.000000
volume=70.000000
