start=54.891973
pause=yes
volume=86.000000
