start=321.541667
volume=74.000000
fullscreen=yes
