start=154.110839
pause=yes
sub-delay=-0.100000
sub-pos=101
