start=94.667755
pause=yes
volume=80.000000
sub-scale=0.900000
