start=25.193651
pause=yes
volume=90.000000
