start=7.614000
speed=0.289664
