start=178.520000
volume=60.000000
