start=54.200000
volume=72.000000
sid=no
