start=102.235467
speed=1.000000
volume=70.000000
