start=417.041667
volume=74.000000
