start=1195.594400
volume=80.000000
sub-pos=108
