start=4.804805
volume=70.000000
sub-scale=0.800000
