start=1499.297800
pause=yes
volume=90.000000
panscan=0.200000
sub-pos=103
