start=75.333333
volume=78.000000
sid=no
