start=5.440000
volume=58.000000
