start=81.080000
speed=0.909091
pause=yes
volume=62.000000
sub-delay=0.100000
