start=674.048375
volume=70.000000
fullscreen=yes
