start=0.000000
pause=yes
volume=88.000000
sub-pos=101
