start=142.709841
pause=yes
volume=90.000000
