start=43.743700
pause=yes
volume=80.000000
sub-pos=98
