start=182.098583
pause=yes
volume=74.000000
