start=256.522933
pause=yes
volume=92.000000
