start=209.676190
pause=yes
volume=76.000000
