start=219.219592
pause=yes
volume=64.000000
