start=14.514500
volume=82.000000
panscan=0.100000
