start=191.634286
pause=yes
volume=70.000000
panscan=0.100000
