start=75.520000
pause=yes
volume=90.000000
