start=778.766667
volume=70.000000
fullscreen=yes
sub-pos=99
