start=298.724717
pause=yes
volume=76.000000
