start=42.383333
volume=80.000000
deinterlace=yes
