start=65.466667
volume=76.000000
fullscreen=yes
sub-pos=98
