start=216.680000
speed=1.000000
pause=yes
volume=70.000000
sid=no
sub-pos=101
