start=150.581406
pause=yes
volume=92.000000
