start=868.500967
volume=70.000000
fullscreen=yes
