start=731.520000
volume=96.000000
sid=no
