start=178.000000
volume=96.000000
sub-scale=0.900000
