start=17.559208
pause=yes
volume=80.000000
