start=85.600000
volume=54.000000
sub-pos=98
