start=461.894767
volume=80.000000
panscan=0.400000
sid=no
sub-delay=0.100000
sub-pos=101
sub-ass-override=force
