start=260.560000
volume=70.000000
fullscreen=yes
sub-pos=99
