start=336.703033
volume=90.000000
fullscreen=yes
