start=0.000000
pause=yes
volume=78.000000
sid=no
sub-delay=0.100000
