start=189.560000
pause=yes
volume=94.000000
sub-pos=97
