start=957.366667
volume=76.000000
gamma=-1
