start=10.240000
volume=80.000000
