start=22.400000
volume=60.000000
