start=13.013000
volume=78.000000
fullscreen=yes
sub-delay=0.100000
