start=52.419033
volume=84.000000
panscan=0.100000
sid=no
sub-pos=102
