start=47.666667
volume=90.000000
