start=153.280000
volume=66.000000
