start=112.070292
volume=90.000000
