start=663.366667
volume=80.000000
sid=1
