start=227.268708
pause=yes
volume=80.000000
