start=213.500000
volume=80.000000
sid=no
sub-pos=99
