start=129.560000
pause=yes
volume=64.000000
