start=44.066667
speed=1.000000
pause=yes
volume=70.000000
sid=no
