start=183.251882
pause=yes
volume=80.000000
sub-pos=101
