start=579.600000
volume=76.000000
