volume=80.000000
panscan=0.100000
