start=2533.000000
pause=yes
volume=92.000000
