start=549.840000
pause=yes
volume=78.000000
fullscreen=yes
sub-pos=99
