start=236.200000
panscan=0.100000
sid=no
