start=49.280000
volume=76.000000
