start=209.676190
pause=yes
volume=90.000000
