start=21.121100
pause=yes
volume=58.000000
