start=147.191293
pause=yes
volume=74.000000
