start=1949.666667
volume=60.000000
