start=183.183000
volume=80.000000
