start=1302.134167
volume=76.000000
