start=274.565958
pause=yes
volume=42.000000
