start=678.233333
volume=90.000000
fullscreen=yes
