start=69.640000
volume=80.000000
