start=125.750000
volume=80.000000
fullscreen=yes
sub-pos=98
