start=2884.900000
volume=80.000000
