start=0.280000
volume=60.000000
