start=919.400000
volume=98.000000
