start=890.639750
pause=yes
volume=82.000000
