start=817.933333
volume=80.000000
