start=280.666667
volume=92.000000
