start=543.476267
volume=70.000000
sub-pos=99
