start=430.163067
pause=yes
volume=90.000000
