start=451.466667
pause=yes
volume=74.000000
