start=138.200000
speed=1.210000
volume=70.000000
sid=no
