start=806.305500
volume=80.000000
sub-pos=98
