start=27.833333
pause=yes
volume=94.000000
