start=278.566667
volume=90.000000
sid=no
