start=139.639000
speed=1.000000
pause=yes
volume=70.000000
