start=79.913167
volume=80.000000
