start=837.866667
volume=90.000000
fullscreen=yes
