start=787.286500
volume=84.000000
sub-pos=99
