start=103.760000
pause=yes
volume=66.000000
