start=49.482816
volume=70.000000
sub-pos=99
