start=27.701406
speed=1.000000
pause=yes
volume=80.000000
sid=no
