start=2.625000
volume=76.000000
