start=1100.416667
volume=90.000000
deinterlace=yes
