start=208.259773
pause=yes
volume=82.000000
