start=676.843510
volume=86.000000
fullscreen=yes
