start=66.880000
volume=94.000000
sub-scale=0.900000
