start=136.416667
panscan=0.700000
