start=419.066667
pause=yes
volume=78.000000
