start=110.777333
volume=70.000000
