start=11.594917
pause=yes
volume=84.000000
sub-pos=98
