start=795.933333
osd-level=3
pause=yes
volume=68.000000
panscan=0.100000
