start=660.159500
pause=yes
volume=78.000000
