start=190.273417
pause=yes
volume=84.000000
sub-pos=98
