start=943.200000
volume=90.000000
