start=674.273600
volume=70.000000
