start=194.560000
volume=92.000000
fullscreen=yes
sub-pos=98
