start=27.986292
pause=yes
volume=90.000000
