start=2374.007341
volume=92.000000
