start=86.480000
pause=yes
volume=66.000000
