start=184.784600
volume=76.000000
