start=295.712083
volume=80.000000
fullscreen=yes
