start=51.600000
volume=70.000000
sid=no
