start=30.240000
pause=yes
volume=72.000000
