start=2834.706878
volume=70.000000
