start=356.773083
volume=72.000000
