start=1800.583333
volume=82.000000
