start=197.485714
pause=yes
volume=68.000000
