start=435.533333
speed=1.210000
volume=88.000000
sid=no
