start=35.600000
pause=yes
volume=90.000000
panscan=0.100000
sid=no
sub-pos=105
