start=83.120000
volume=90.000000
