start=155.364717
pause=yes
volume=94.000000
