start=82.059320
pause=yes
volume=62.000000
contrast=-5
saturation=1
panscan=0.100000
sub-delay=-0.000000
sub-pos=109
sub-scale=0.900000
