start=480.880881
volume=96.000000
