start=7.920000
volume=60.000000
