start=491.400000
volume=90.000000
