start=554.700000
volume=80.000000
