start=913.596930
pause=yes
volume=80.000000
deinterlace=yes
aid=1
