start=136.500000
pause=yes
volume=60.000000
