start=389.266667
volume=90.000000
fullscreen=yes
