start=34.768067
pause=yes
volume=82.000000
panscan=0.100000
