start=14.400000
volume=90.000000
