start=494.627467
volume=96.000000
sid=no
