start=207.052336
pause=yes
volume=90.000000
