start=93.218125
volume=84.000000
fullscreen=yes
sub-pos=98
