start=94.040000
volume=90.000000
sid=no
