start=136.347574
pause=yes
volume=80.000000
