start=277.792759
volume=52.000000
