start=160.400000
volume=96.000000
