start=1774.291667
pause=yes
volume=80.000000
